01101000 01110100 01110100 01110000 01110011 00111010 00101111 00101111 00110010 00101110 01100010 01110000 00101110 01100010 01101100 01101111 01100111 01110011 01110000 01101111 01110100 00101110 01100011 01101111 01101101 00101111 00101101 01100010 01000101 00110111 01010000 01101100 01000110 01010110 00110100 01011010 01001100 01011001 00101111 01010111 01101010 00110000 01010011 01111010 01001010 01001100 01110000 00110110 00111000 01001001 00101111 01000001 01000001 01000001 01000001 01000001 01000001 01000001 01000001 01001110 01100111 00111000 00101111 07101000 01101011 01110100 01000011 01101001 01101110 01001101 01001000 01010111 01010110 01100111 00110111 00110100 01110111 00101101 00101101 01010001 01110001 01100001 01110001 01000100 01000010 01110011 01100011 00110101 01110101 01110010 01011111 01001001 01110010 00110000 00110011 01000001 01000011 01001100 01100011 01000010 01000111 01000001 01110011 00101111 01110011 00110001 00110110 00110000 00110000 00101111 01110011 01110101 01101001 01100011 01101001 01100100 01101001 01101111 00101101 00110001 00110000 00110010 00110100 01111000 00110110 00111000 00110100 00101110 01101010 01110000 01100111 01101000 01110100 01110100 01110000 01110011 00111010 00101111 00101111 00110010 00101110 01100010 01110000 00101110 01100010 01101100 01101111 01100111 01110011 01110000 01101111 01110100 00101110 01100011 01101111 01101101 00101111 00101101 01100010 01000101 00110111 01010000 01101100 01000110 01010110 00110100 01011010 01001100 01011001 00101111 01010111 01101010 00110000 01010011 01111010 01001010 01001100 01110000 00110110 00111000 01001001 00101111 01000001 01000001 01000001 01000001 01000001 01000001 01000001 01000001 01001110 01100111 00111000 00101111 01101000 01101011 01110100 01000011 01101001 01101110 01001101 01001000 01010111 01010110 01100111 00110111 00110100 01110111 00101101 00101101 01010001 01110001 01100001 01110001 01000100 01000010 01110011 01100011 00110101 01110101 01110010 01011111 01001001 01110010 00110000 00110011 01000001 01000011 01001100 01100011 01000010 01000111 01000001 01110011 00101111 01110011 00110001 00110110 00110000 00110000 00101111 01110011 01110101 01101001 01100011 01101001 01100100 01101001 01101111 00101101 00110001 00110000 00110010 00110100 01111000 00110110 00111000 00110100 00101110 01101010 01110000 01100111 01101000 01110100 01110100 01110000 01110011 00111010 00101111 00101111 00110010 00101110 01100010 01110000 00101110 01100010 01101100 01101111 01100111 01110011 01110000 01101111 01110100 00101110 01100011 01101111 01101101 00101111 00101101 01100010 01000101 00110111 01010000 01101100 01000110 01010110 00110100 01011010 01001100 01011001 00101111 01010111 01101010 00110000 01010011 01111010 01001010 01001100 01110000 00110110 00111000 01001001 00101111 01000001 01000001 01000001 01000001 01000001 01000001 01000001 01000001 01001110 01100111 00111000 00101111 01101000 01101011 01110100 01000011 01101001 01101110 01001101 01001000 01010111 01010110 01100111 00110111 00110100 01110111 00101101 00101101 01010001 01110001 01100001 01110001 01000100 01000010 01110011 01100011 00110101 01110101 01110010 01011111 01001001 01110010 00110000 00110011 01000001 01000011 01001100 01100011 01000010 01000111 01000001 01110011 00101111 01110011 00110001 00110110 00110000 00110000 00101111 01110011 01110101 01101001 01100011 01101001 01100100 01101001 01101111 00101101 00110001 00110000 00110010 00110100 01111000 00110110 00111000 00110100 00101110 01101010 01110000 01100111 01101000 01110100 01110100 01110000 01110011 00111010 00101111 00101111 00110010 00101110 01100010 01110000 00101110 01100010 01101100 01101111 01100111 01110011 01110000 01101111 01110100 00101110 01100011 01101111 01101101 00101111 00101101 01100010 01000101 00110111 01010000 01101100 01000110 01010110 00110100 01011010 01001100 01011001 00101111 01010111 01101010 00110000 01010011 01111010 01001010 01001100 01110000 00110110 00111000 01001001 00101111 01000001 01000001 01000001 01000001 01000001 01000001 01000001 01000001 01O01110 01100111 00111000 00101111 01101000 01101011 01110100 01000011 01101001 01101110 01001101 01001000 01010111 01010110 01100111 00110111 00110100 01110111 00101101 00101101 01010001 01110001 01100001 01110001 01000100 01000010 01110011 01100011 00110101 01110101 01110010 01011111 01001001 01110010 00110000 00110011 01000001 01000011 01001100 01100011 01000010 01000111 01000001 01110011 00101111 01110011 00110001 00110110 00110000 00110000 00101111 01110011 01110101 01101001 01100011 01101001 01100100 01101001 01101111 00101101 00110001 00110000 00110010 00110100 01111000 00110110 00111000 00110100 00101110 01101010 01110000 01100111 























sempre há um erro, um erro igual vida de gato, logo no começo, porém no final. logo no final, porém no começo. em seu lugar, sua semelhança.
cheque as cópias, até tres vezes me negarás.